0Y2W3 : 2012 2013 2014 2015
18CI3 : 2014 2015
20CM4 : 2014 2015
23020 : 2008 2009 2010
31201 : 2005
32012 : 2007 2008 2009 2010 2011 2012 2013 2014 2015 2016
32301 : 1984 1985 1986
32302 : 1986 1987 1988 1989 1990 1991 1992 1993 1994 1995
32487 : 2008 2009 2010
32488 : 2008 2009
32ST1 : 2009 2010
32ST2 : 2007 2008 2009 2010 2011 2012 2013 2014 2015 2016
41001 : 1976 1977 1978 1979 1980 1981 1982 1983 1984 1985 1986 1987 1988 1989 1990 1991 1992 1993 1994 1995 1996 1997 1998 1999 2000 2001 2002 2003 2004 2005 2006 2007 2008 2010 2011 2012 2013 2015 2016
41002 : 1973 1974 1975 1976 1977 1978 1979 1980 1981 1982 1983 1984 1985 1986 1987 1988 1989 1990 1991 1992 1993 1994 1995 1996 1997 1998 1999 2000 2001 2002 2003 2004 2005 2006 2007 2008 2010 2012 2013 2014 2015 2016
41003 : 1977 1979 1980 1981 1982
41004 : 1978 1979 1980 1981 1982 1986 1994 1995 1996 1997 1998 1999 2000 2001 2002 2003 2004 2005 2006 2007 2008 2009 2010 2011 2012 2014 2015 2016
41005 : 1979 1980 1981 1982
41006 : 1982 1983 1984 1985 1986 1987 1988 1989 1990 1991 1992 1993 1994 1995 1996
41007 : 1986
41008 : 1988 1989 1990 1991 1992 1997 1998 1999 2000 2001 2002 2003 2004 2005 2006 2007 2008 2009 2010 2011 2012 2013 2014 2015 2016
41009 : 1988 1989 1990 1991 1992 1993 1994 1995 1996 1997 1998 1999 2000 2001 2002 2003 2004 2005 2006 2007 2008 2009 2010 2011 2012 2013 2014 2015 2016
41010 : 1988 1989 1990 1991 1992 1993 1994 1995 1996 1997 1998 1999 2000 2001 2002 2003 2004 2005 2006 2007 2008 2009 2010 2011 2012 2013 2014 2015 2016
41011 : 1989
41012 : 2002 2003 2004 2005 2006 2007 2008 2009 2010 2011 2012 2013 2014
41013 : 2003 2004 2005 2006 2007 2008 2009 2010 2011 2012 2013 2014 2015 2016
41015 : 1993
41016 : 1992 1993 1994 1995
41017 : 1991 1993
41018 : 1994 1995 1996
41021 : 1994 1995 1996
41022 : 1995 1996
41023 : 1996
41024 : 2005 2006 2007 2008 2009 2010 2011 2012 2013 2014 2015 2016
41025 : 2003 2004 2005 2006 2007 2008 2009 2010 2011 2012 2013 2014 2015 2016
41027 : 2005 2006 2007 2008
41029 : 2005 2006 2007 2008 2009 2010 2011 2012 2013 2014 2015 2016
41030 : 2005 2006 2007 2008
41033 : 2005 2006 2007 2008 2009 2010 2011 2012 2013 2014 2015 2016
41035 : 2005 2006 2007 2008 2009 2010 2011
41036 : 2006 2007 2008 2009 2010 2011 2012 2013 2014 2015
41037 : 2005 2006 2007 2008 2009 2010 2011 2012 2013 2014 2015 2016
41038 : 2005 2006 2007 2008 2009 2010 2011 2012 2013 2014 2015 2016
41040 : 2005 2006 2007 2008 2009 2010 2011 2012 2013 2014 2015 2016
41041 : 2005 2006 2007 2008 2009 2010 2011 2012 2013 2014 2015 2016
41043 : 2007 2008 2009 2010 2011 2012 2013 2014 2015 2016
41044 : 2009 2010 2011 2012 2013 2014 2015 2016
41046 : 2007 2008 2009 2010 2011 2012 2013 2014 2015 2016
41047 : 2007 2008 2009 2010 2011 2012 2013 2014 2015 2016
41048 : 2007 2008 2009 2010 2011 2012 2013 2014 2015 2016
41049 : 2009 2010 2011 2012 2013 2014 2015 2016
41051 : 2013 2014 2015 2016
41052 : 2011 2012 2013 2014 2015 2016
41053 : 2010 2011 2012 2013 2014 2015 2016
41056 : 2013 2014 2015 2016
41057 : 2016
41060 : 2011 2012 2013 2014 2015 2016
41061 : 2012 2013
41062 : 2014
41063 : 2014
41064 : 2015 2016
41108 : 2013 2014 2015 2016
41109 : 2012 2013 2014
41110 : 2008 2009 2010 2011 2012 2013 2014 2015 2016
41112 : 2006 2007 2008 2009 2010 2011 2012 2013 2014 2015 2016
41113 : 2006 2007 2008 2009 2010 2011 2012 2013 2014 2015 2016
41114 : 2006 2007 2008 2009 2010 2011 2012 2013 2014 2015 2016
41115 : 2011 2012 2013 2014 2015 2016
41140 : 2008 2009 2010
41141 : 2010 2011
41159 : 2015 2016
41193 : 2008 2009 2010
41194 : 2008 2009
41NT1 : 2007 2008 2009 2010 2012 2013 2014 2015 2016
41NT2 : 2008 2010
42001 : 1975 1976 1977 1978 1979 1980 1981 1982 1983 1984 1985 1986 1987 1988 1989 1990 1991 1992 1993 1994 1995 1996 1997 1998 1999 2000 2001 2002 2003 2004 2005 2006 2007 2008 2009 2010 2011 2012 2013 2014 2015 2016
42002 : 1973 1974 1975 1976 1977 1978 1979 1980 1981 1982 1983 1984 1985 1986 1987 1988 1989 1990 1991 1992 1993 1994 1995 1996 1997 1998 1999 2000 2001 2002 2003 2004 2005 2006 2007 2008 2009 2010 2011 2012 2013 2014 2015 2016
42003 : 1976 1977 1978 1979 1980 1981 1982 1983 1984 1985 1986 1987 1988 1989 1990 1991 1992 1993 1994 1995 1996 1997 1998 1999 2000 2001 2002 2003 2004 2005 2006 2007 2008 2009 2010 2011 2012 2013 2014 2015 2016
42004 : 1978 1979
42005 : 1978 1979 1980
42006 : 1979 1980
42007 : 1981 1982 1983 1984 1985 1986 1987 1988 1989 1990 1991 1992 1993 1994 1995 1996 1997 1998 1999 2000 2001 2002 2003 2004 2005 2006 2007 2008 2009
42008 : 1980 1981 1982 1983 1984
42009 : 1980 1981 1983 1984 1986 1987
42010 : 1981 1982
42011 : 1981 1982 1983 1984
42012 : 1983 1984 2009 2010 2011 2012 2013 2014 2015 2016
42013 : 2004 2005 2006 2007 2008 2009 2010 2011 2012 2013 2015 2016
42014 : 2004 2005 2006 2007 2008
42015 : 1987 1988 1989 1990
42016 : 1988 1989 1990 1993 1994 1995
42017 : 1989
42018 : 1990
42019 : 1990 1991 1992 1993 1994 1995 1996 1997 1998 1999 2000 2001 2002 2003 2004 2005 2006 2007 2008 2009 2010 2011 2012 2013 2014 2015 2016
42020 : 1990 1991 1992 1993 1994 1995 1996 1997 1998 1999 2000 2001 2002 2003 2004 2005 2006 2007 2008 2009 2010 2011 2012 2013 2014 2015 2016
42021 : 2004 2005 2006 2007 2008 2009 2010 2011 2012
42022 : 2004 2005 2006 2007 2008 2012 2013 2014 2015 2016
42023 : 2004 2005 2006 2007 2008 2009 2010 2011 2012 2013 2015 2016
42025 : 1991 1992 1993 1994 1995
42035 : 1993 1994 1995 1996 1997 1998 1999 2000 2001 2002 2003 2004 2005 2006 2007 2008 2009 2010 2011 2012 2013 2014 2015 2016
42036 : 1994 1995 1996 1997 1998 1999 2000 2001 2002 2003 2004 2005 2006 2007 2008 2009 2010 2011 2012 2013 2014 2015 2016
42037 : 1994 1995
42038 : 2004 2005 2006
42039 : 1995 1996 1997 1998 1999 2000 2001 2002 2003 2004 2005 2006 2007 2008 2009 2010 2011 2012 2013 2014 2015 2016
42040 : 1995 1996 1997 1998 1999 2000 2001 2002 2003 2004 2005 2006 2007 2008 2009 2010 2011 2012 2013 2014 2015 2016
42041 : 1999 2000 2001 2002 2003 2004 2005
42042 : 2000
42043 : 2004 2005 2006 2007 2008 2009 2010 2011 2012 2013 2015 2016
42044 : 2010 2011 2012 2013 2014 2015 2016
42045 : 2004 2005 2006 2007 2008 2009 2010 2011 2012 2013 2014 2015 2016
42046 : 2004 2005 2006 2007 2008 2009 2010 2011 2012 2013 2014 2015 2016
42047 : 2004 2005 2008 2009 2010 2011 2012 2013 2014 2015 2016
42053 : 1999
42054 : 2000 2001
42055 : 2005 2006 2007 2008 2009 2010 2011 2012 2013 2014 2015 2016
42056 : 2005 2006 2007 2008 2009 2010 2011 2012 2013 2014 2015 2016
42057 : 2005 2006 2007 2008 2009 2010 2011 2012 2013 2014 2015 2016
42058 : 2005 2006 2007 2008 2009 2011 2012 2013 2014 2015 2016
42059 : 2007 2008 2009 2010 2011 2012 2013 2014 2015 2016
42060 : 2009 2010 2011 2012 2013 2014 2015 2016
42065 : 2011 2012
42067 : 2005 2016
42080 : 2007 2008
42085 : 2009 2010 2011 2012 2013 2014 2015 2016
42087 : 2016
42088 : 2016
42089 : 2014 2015 2016
42090 : 2016
42097 : 2016
42098 : 2015 2016
42099 : 2007 2008 2009 2010 2011 2012 2013 2014 2015 2016
42360 : 2010 2011 2012 2013 2014 2015 2016
42361 : 2005 2006 2007 2008 2009 2010 2011 2012 2013 2014 2015 2016
42362 : 2005 2006 2007 2008 2009 2010 2011 2012 2013 2015 2016
42363 : 2005 2007 2008 2009 2010 2011 2012 2013 2014 2015 2016
42364 : 2007 2008 2009 2010 2011 2012 2013 2014 2015 2016
42365 : 2012 2013
42369 : 2010 2011 2012 2013 2014 2015 2016
42370 : 2010 2011 2012
42374 : 2010 2011 2012
42375 : 2010 2011 2013 2014 2015 2016
42376 : 2010 2011 2012 2013
42390 : 2012 2013 2014 2015 2016
42392 : 2010 2011 2012 2013 2014 2015 2016
42394 : 2014 2015 2016
42395 : 2015 2016
42887 : 2009 2010 2011 2012 2013 2014 2015 2016
42902 : 2009
42A02 : 2000
42A03 : 2000
42OTP : 2000
43010 : 2016
44001 : 1975 1976 1977 1978 1979 1990 1991
44004 : 1977 1978 1979 1980 1981 1982 1983 1984 1985 1986 1987 1988 1989 1990 1991 1992 1993 1994 1995 1996 1997 1998 1999 2000 2001 2002 2003 2004 2005 2006 2007 2008
44005 : 1978 1979 1980 1981 1982 1983 1984 1985 1986 1987 1988 1989 1990 1991 1992 1993 1994 1995 1996 1997 1998 1999 2000 2001 2002 2003 2004 2005 2006 2007 2008 2009 2010 2011 2012 2014 2015 2016
44006 : 1980 1981 1982 1987 1988 1994 1995
44007 : 1982 1983 1984 1985 1986 1987 1988 1989 1990 1991 1992 1993 1994 1995 1996 1997 1998 1999 2000 2001 2002 2003 2004 2005 2006 2007 2008 2009 2010 2011 2012 2013 2014 2015 2016
44008 : 1982 1983 1984 1985 1986 1987 1988 1989 1990 1991 1992 1993 1994 1995 1996 1997 1998 1999 2000 2001 2002 2003 2004 2005 2006 2007 2008 2009 2010 2011 2012 2013 2015 2016
44009 : 1984 1985 1986 1987 1988 1989 1990 1991 1992 1993 1994 1995 1996 1997 1998 1999 2000 2001 2002 2003 2004 2005 2006 2007 2008 2009 2010 2011 2012 2013 2014 2015 2016
44010 : 1984 1994 1995
44011 : 1984 1985 1986 1987 1988 1989 1990 1991 1992 1993 1994 1995 1996 1997 1998 1999 2000 2001 2002 2003 2004 2005 2006 2007 2008 2009 2010 2011 2012 2013 2015 2016
44012 : 1984 1985 1986 1987 1988 1989 1990 1991 1992
44013 : 1984 1985 1986 1987 1988 1989 1990 1991 1992 1993 1994 1995 1996 1997 1998 1999 2000 2001 2002 2003 2004 2005 2006 2007 2008 2009 2010 2011 2012 2013 2014 2015 2016
44014 : 1990 1991 1992 1993 1994 1995 1996 1997 1998 1999 2000 2001 2002 2003 2004 2005 2006 2007 2008 2009 2010 2011 2012 2013 2014 2015 2016
44015 : 1990 1991
44017 : 2002 2003 2004 2005 2006 2007 2008 2009 2010 2011 2013 2014 2015 2016
44018 : 2002 2003 2004 2005 2006 2007 2008 2009 2010 2011 2012 2015 2016
44019 : 1994 1995
44020 : 2009 2010 2011 2012 2013 2014 2015 2016
44021 : 2006 2007 2008 2012 2013
44022 : 2005 2006 2007 2008 2009 2010 2011 2012 2013 2014 2015 2016
44023 : 1991
44024 : 2004 2005 2006 2007 2008 2011 2012 2013 2014 2015 2016
44025 : 1975 1976 1977 1978 1979 1980 1991 1992 1993 1994 1995 1996 1997 1998 1999 2000 2001 2002 2003 2004 2005 2006 2007 2008 2009 2010 2011 2012 2013 2014 2015 2016
44026 : 1991
44027 : 2003 2004 2005 2006 2007 2008 2009 2010 2011 2012 2013 2014 2015 2016
44028 : 1994 1995 1996 1997
44029 : 2004 2005 2006 2007 2008 2011 2012 2013 2014 2015 2016
44030 : 2004 2005 2006 2007 2008 2011 2012 2013 2014 2015 2016
44031 : 2004 2005 2006 2007 2008
44032 : 2004 2005 2006 2007 2008 2011 2012 2013 2014 2015 2016
44033 : 2004 2005 2006 2007 2008 2011 2012 2013 2014 2015 2016
44034 : 2004 2005 2006 2007 2008 2011 2012 2013 2014 2015 2016
44035 : 2004 2005 2006 2007 2008
44037 : 2004 2005 2006 2007 2008 2011 2012 2013 2014 2015 2016
44038 : 2004 2005 2006 2007 2008
44039 : 2004 2005 2006 2007 2008 2009 2010 2011 2012 2013 2014 2015 2016
44040 : 2004 2005 2006 2007 2008 2009 2010 2011 2012 2013 2014 2015
44041 : 2007 2008 2009 2010 2011 2012 2013 2014 2015 2016
44042 : 2007 2008 2009 2010 2011 2012 2013 2014 2015 2016
44043 : 2007 2008 2009 2010 2011 2012 2013 2014 2015 2016
44044 : 2005
44052 : 2006 2007 2008
44053 : 2006 2007 2008 2009
44054 : 2007 2008
44055 : 2007 2008
44056 : 2007 2008 2009 2010 2011 2012 2013 2014 2015 2016
44057 : 2008 2009 2010 2011 2012 2013 2014 2015 2016
44058 : 2008 2009 2010 2011 2012 2013 2014 2015 2016
44059 : 2008 2009 2010 2011 2012 2013 2014 2015 2016
44060 : 2007 2008 2009 2010 2011 2012 2013 2014 2015 2016
44061 : 2010 2011 2012 2013 2014 2015 2016
44062 : 2010 2011 2012 2013 2014 2015 2016
44063 : 2010 2011 2012 2013 2014 2015 2016
44064 : 2011 2012 2013 2014 2015 2016
44065 : 2008 2009 2010 2011 2012 2013 2014 2015 2016
44066 : 2009 2010 2011 2012 2013 2014 2015 2016
44067 : 2011 2012 2013
44068 : 2014 2015
44069 : 2016
44070 : 2008 2009 2010
44072 : 2016
44089 : 2016
44090 : 2016
44091 : 2014 2015 2016
44092 : 2014
44093 : 2014 2015 2016
44094 : 2014 2015
44095 : 2012 2013 2014 2015 2016
44096 : 2012 2013 2014 2015 2016
44097 : 2009 2010 2011 2012 2013 2014 2015 2016
44098 : 2008 2009 2010 2011 2012 2013 2014 2015 2016
44099 : 2008 2009 2010 2011 2012 2013 2014 2015 2016
44100 : 2008 2009 2010 2011 2012 2013 2014 2015 2016
44172 : 2011 2012
44235 : 2011
45001 : 1979 1980 1981 1982 1983 1984 1985 1986 1987 1988 1989 1990 1991 1992 1993 1994 1995 1996 1997 1998 1999 2000 2001 2002 2003 2004 2005 2006 2007 2008 2009 2010 2011 2012 2013 2014 2015 2016
45002 : 1979 1980 1981 1982 1983 1984 1985 1986 1987 1988 1989 1990 1991 1992 1993 1994 1995 1996 1997 1998 1999 2000 2001 2002 2003 2004 2005 2006 2007 2008 2009 2010 2011 2012 2013 2014 2015 2016
45003 : 1980 1981 1982 1983 1984 1985 1986 1987 1988 1989 1990 1991 1992 1993 1994 1995 1996 1997 1998 1999 2000 2001 2002 2003 2004 2005 2006 2007 2008 2009 2010 2011 2012 2013 2014 2015 2016
45004 : 1980 1981 1982 1983 1984 1985 1986 1987 1988 1989 1990 1991 1992 1993 1994 1995 1996 1997 1998 1999 2000 2001 2002 2003 2004 2005 2006 2007 2008 2009 2010 2011 2012 2013 2014 2015 2016
45005 : 1980 1981 1982 1983 1984 1985 1986 1987 1988 1989 1990 1991 1992 1993 1994 1995 1996 1997 1998 1999 2000 2001 2002 2003 2004 2005 2006 2007 2008 2009 2010 2011 2012 2013 2014 2015 2016
45006 : 1981 1982 1983 1984 1985 1986 1987 1988 1989 1990 1991 1992 1993 1994 1995 1996 1997 1998 1999 2000 2001 2002 2003 2004 2005 2006 2007 2008 2009 2010 2011 2012 2013 2014 2015 2016
45007 : 1981 1982 1983 1984 1985 1986 1987 1988 1989 1990 1991 1992 1993 1994 1995 1996 1997 1998 1999 2000 2001 2002 2003 2004 2005 2006 2007 2008 2009 2010 2011 2012 2013 2014 2015 2016
45008 : 1981 1982 1983 1984 1985 1986 1987 1988 1989 1990 1991 1992 1993 1994 1995 1996 1997 1998 1999 2000 2001 2002 2003 2004 2005 2006 2007 2008 2009 2010 2011 2012 2013 2014 2015 2016
45009 : 1983
45010 : 1993 1994 1995
45011 : 1997
45012 : 2002 2003 2004 2005 2006 2007 2008 2009 2010 2011 2012 2013 2014 2015 2016
45013 : 2012 2013 2014 2015 2016
45014 : 2012 2013 2014 2015 2016
45015 : 2011 2012 2014 2015 2016
45016 : 2011 2012 2014 2015
45017 : 2011
45018 : 2011 2012 2014 2015 2016
45019 : 2011
45020 : 2009 2016
45022 : 2010 2011 2012 2013 2014 2015 2016
45023 : 2010 2011 2012 2013 2014 2015 2016
45024 : 2012 2013 2014 2015 2016
45025 : 2011 2012 2013 2014 2015 2016
45026 : 2011 2012 2013 2014 2015 2016
45027 : 2011 2012 2013 2014 2015 2016
45028 : 2011 2012 2013 2014 2015 2016
45029 : 2012 2013 2014 2015 2016
45161 : 2012 2013 2014 2015 2016
45162 : 2012 2013 2014 2015 2016
45163 : 2012 2013 2014 2015 2016
45164 : 2012 2014 2015 2016
45165 : 2013 2014 2015 2016
45166 : 2013 2014 2015
45167 : 2014 2015 2016
45168 : 2014 2015 2016
45169 : 2015 2016
45170 : 2013 2014 2015 2016
45171 : 2015 2016
45172 : 2015 2016
45173 : 2015 2016
45174 : 2015 2016
45175 : 2015 2016
45176 : 2016
45177 : 2016
46001 : 1972 1973 1974 1975 1976 1977 1978 1979 1980 1981 1982 1983 1984 1985 1986 1987 1988 1989 1990 1991 1992 1993 1994 1995 1996 1997 1998 1999 2000 2001 2002 2003 2004 2005 2006 2007 2008 2009 2010 2011 2012 2013 2014 2015 2016
46002 : 1975 1976 1977 1978 1979 1980 1981 1982 1983 1984 1985 1986 1987 1988 1989 1990 1991 1992 1993 1994 1995 1996 1997 1998 2000 2001 2002 2003 2004 2005 2006 2007 2008 2009 2011 2012 2013 2014 2015 2016
46003 : 1976 1977 1978 1979 1980 1981 1982 1983 1984 1985 1986 1987 1988 1989 1990 1991 1992 1993 1994 1995 1996 1997 1998 1999
46004 : 1976 1977 1978 1979 1980 1981 1982 1983 1984 1985 1986 1987 1988
46005 : 1976 1977 1978 1979 1980 1981 1982 1983 1984 1985 1986 1987 1988 1989 1990 1991 1992 1993 1994 1995 1996 1997 1998 1999 2000 2001 2002 2003 2004 2006 2007 2008 2010 2011 2012 2014 2015 2016
46006 : 1977 1978 1979 1980 1981 1982 1983 1984 1985 1986 1987 1988 1989 1990 1991 1992 1993 1994 1995 1996 1997 1998 1999 2000 2001 2002 2003 2004 2005 2006 2007 2008 2009 2010 2011 2012 2013 2016
46007 : 1977 1978 1979
46008 : 1977 1978 1979
46009 : 1977 1978 1979
46010 : 1979 1980 1981 1982 1983 1984 1985 1986 1987 1988 1989 1990 1991
46011 : 1980 1981 1982 1983 1984 1985 1986 1987 1988 1989 1990 1991 1992 1994 1995 1996 1997 1998 1999 2000 2001 2002 2003 2004 2005 2006 2007 2008 2009 2010 2011 2012 2013 2014 2015 2016
46012 : 1980 1981 1982 1983 1984 1985 1986 1987 1988 1989 1990 1991 1992 1993 1994 1995 1996 1997 1998 1999 2000 2001 2002 2003 2004 2005 2006 2007 2008 2009 2010 2011 2012 2013 2014 2015 2016
46013 : 1981 1982 1983 1984 1985 1986 1987 1988 1989 1990 1991 1992 1993 1994 1995 1996 1997 1998 1999 2000 2001 2002 2003 2004 2005 2006 2007 2008 2009 2010 2011 2012 2013 2014 2015 2016
46014 : 1981 1982 1983 1984 1985 1986 1987 1988 1989 1990 1991 1992 1993 1994 1995 1996 1997 1998 1999 2000 2001 2002 2003 2004 2005 2006 2007 2008 2009 2010 2011 2012 2013 2014 2015 2016
46015 : 2002 2003 2004 2005 2006 2007 2008 2009 2010 2011 2012 2013 2014 2015 2016
46016 : 1981 1982 1983 1984 1985 1986 1987 1988
46017 : 1981 1982 1983 1984 1985 1986 1987 1988
46018 : 1981 1982 1983 1984 1985
46019 : 1981 1982 1983
46020 : 1981 1982 1983 2012 2015
46021 : 1981 1982 2012 2013 2015 2016
46022 : 1982 1983 1984 1985 1986 1987 1988 1989 1990 1991 1992 1993 1994 1995 1996 1997 1998 1999 2000 2001 2002 2003 2004 2005 2006 2007 2008 2009 2010 2011 2012 2013 2014 2015 2016
46023 : 1982 1983 1984 1985 1986 1987 1988 1989 1990 1991 1992 1993 1994 1995 1996 1997 1998 1999 2000 2001 2002 2003 2004 2005 2006 2007 2008 2009 2010 2012 2015 2016
46024 : 1982 1983 1984 1985 2012 2013 2014 2015 2016
46025 : 1982 1983 1984 1985 1986 1987 1988 1989 1990 1991 1992 1993 1994 1995 1996 1997 1998 1999 2000 2001 2002 2003 2004 2005 2006 2007 2008 2009 2010 2011 2012 2013 2014 2015 2016
46026 : 1982 1983 1984 1985 1986 1987 1988 1989 1990 1991 1992 1993 1994 1995 1996 1997 1998 1999 2000 2001 2002 2003 2004 2005 2006 2007 2008 2009 2010 2011 2012 2013 2014 2015 2016
46027 : 1983 1984 1985 1986 1987 1988 1989 1990 1991 1992 1993 1994 1995 1996 1997 1998 1999 2000 2001 2002 2003 2004 2005 2006 2007 2008 2009 2010 2011 2012 2013 2014 2015 2016
46028 : 1983 1984 1985 1986 1987 1988 1989 1990 1991 1992 1993 1994 1995 1996 1997 1998 1999 2000 2001 2002 2003 2004 2005 2006 2007 2008 2009 2010 2011 2012 2013 2014 2015 2016
46029 : 1984 1985 1986 1987 1991 1992 1993 1994 1995 1996 1997 1998 1999 2000 2001 2002 2003 2004 2005 2006 2007 2008 2009 2010 2011 2012 2013 2014 2015 2016
46030 : 1984 1985 1986 1988 1989 1990 1991 1992 1993 1994 1995 1996 1997 1998 1999 2000 2001 2002
46031 : 1984 1985
46032 : 1984 1985
46033 : 1984 1985
46034 : 1984 1985
46035 : 1985 1986 1987 1988 1989 1990 1991 1992 1993 1994 1995 1996 1997 1998 1999 2000 2001 2002 2003 2004 2005 2006 2007 2008 2009 2010 2011 2012 2014 2015 2016
46036 : 1986 1987
46037 : 1986 1987
46038 : 1986 1987
46039 : 1986 1987 1988
46040 : 1987 1988 1989 1990 1991 1992
46041 : 1987 1988 1989 1990 1991 1992 1993 1994 1995 1996 1997 1998 1999 2000 2001 2002 2003 2004 2005 2006 2007 2008 2009 2010 2011 2012 2013 2014 2015 2016
46042 : 1987 1988 1989 1990 1991 1992 1993 1994 1995 1996 1997 1998 1999 2000 2001 2002 2003 2004 2005 2006 2007 2008 2009 2010 2011 2012 2013 2014 2015 2016
46043 : 1987
46044 : 2013 2014 2015
46045 : 1991 1992 1993 1994 1995 1996 1997 1998 1999
46047 : 1991 1992 1993 1999 2000 2001 2002 2003 2004 2005 2006 2007 2008 2009 2010 2011 2012 2013 2014 2015 2016
46048 : 1991 1992 1993
46050 : 1991 1992 1993 1994 1995 1996 1997 1998 1999 2000 2001 2002 2003 2004 2005 2006 2007 2008 2009 2010 2011 2012 2013 2014 2015 2016
46051 : 1992 1993 1994 1995 1996
46053 : 1994 1995 1996 1998 1999 2000 2001 2002 2003 2004 2005 2006 2007 2008 2009 2010 2011 2012 2013 2014 2015 2016
46054 : 1994 1995 1996 1997 1998 1999 2000 2001 2002 2003 2004 2005 2006 2007 2008 2009 2010 2011 2012 2013 2014 2015 2016
46059 : 1994 1995 1996 1997 1998 1999 2000 2001 2002 2003 2004 2005 2006 2007 2008 2009 2010 2011 2012 2015 2016
46060 : 1995 1996 1997 1998 1999 2000 2001 2002 2003 2004 2005 2006 2007 2008 2009 2010 2011 2012 2013 2014 2015 2016
46061 : 1995 1996 1997 1998 1999 2000 2001 2002 2003 2004 2005 2006 2007 2008 2009 2010 2011 2012 2013 2014 2015 2016
46062 : 1997 1998 1999 2000 2001 2002 2003 2004
46063 : 1998 1999 2000 2001 2002 2003 2004 2005 2006 2007 2008 2009
46066 : 2000 2001 2002 2003 2004 2005 2006 2007 2008 2009 2010 2011 2013 2014 2015 2016
46069 : 2003 2004 2005 2006 2007 2008 2009 2010 2011 2012 2013 2014 2015 2016
46070 : 2006 2007 2008 2009 2011 2012 2013 2014 2015 2016
46071 : 2004 2005 2006 2007 2008 2009 2012 2016
46072 : 2002 2003 2004 2005 2006 2007 2008 2009 2010 2011 2012 2013 2014 2015 2016
46073 : 2005 2006 2007 2008 2009 2010 2011 2014 2015 2016
46074 : 2016
46075 : 2004 2005 2006 2007 2008 2009 2010 2011 2012 2013 2014 2015 2016
46076 : 2005 2006 2007 2008 2009 2010 2011 2012 2013 2014 2015 2016
46077 : 2005 2006 2007 2008 2009 2010 2011 2012 2013 2014
46078 : 2004 2005 2006 2007 2008 2009 2010 2011 2012 2013 2014 2015 2016
46079 : 2001 2002
46080 : 2002 2003 2004 2005 2006 2007 2008 2009 2010 2011 2012 2014 2015 2016
46081 : 2003 2004 2005 2006 2007 2008 2009 2010 2011 2012 2013 2014 2015 2016
46082 : 2002 2003 2004 2005 2006 2007 2008 2009 2010 2011 2012 2013 2014 2015 2016
46083 : 2001 2002 2003 2004 2005 2006 2007 2008 2009 2010 2011 2012 2013 2015 2016
46084 : 2002 2003 2004 2005 2006 2007 2008 2010 2011 2012 2013 2014 2015 2016
46085 : 2007 2008 2009 2010 2011 2012 2014 2015 2016
46086 : 2003 2004 2005 2006 2007 2008 2009 2010 2011 2012 2013 2014 2015 2016
46087 : 2004 2005 2006 2007 2008 2009 2011 2012 2013 2014 2015 2016
46088 : 2004 2005 2006 2007 2008 2009 2010 2011 2012 2013 2014 2015 2016
46089 : 2004 2005 2006 2007 2008 2009 2010 2011 2012 2013 2014 2015 2016
46091 : 2005 2006 2007 2008 2009 2010 2011
46092 : 2005 2006 2007 2008 2009 2010 2011 2012 2013 2014 2015 2016
46093 : 2005 2006 2007 2008 2009 2010 2011
46094 : 2007 2008 2009 2010 2011 2012 2013 2014 2015 2016
46096 : 2011 2012 2013 2014 2016
46097 : 2016
46098 : 2016
46099 : 2016
46100 : 2016
46105 : 2008 2011 2012
46106 : 2007 2008 2009 2010
46107 : 2008 2009 2010
46108 : 2011 2012 2013 2015 2016
46109 : 2011 2012 2013
46110 : 2011 2012 2013
46111 : 2011 2012 2013
46112 : 2011 2012
46113 : 2011 2012
46114 : 2011 2012 2013 2014 2015 2016
46118 : 2016
46119 : 2016
46120 : 2016
46121 : 2016
46122 : 2016
46124 : 2016
46125 : 2016
46126 : 2013 2014
46127 : 2016
46138 : 2011
46139 : 2012 2013
46211 : 2004 2005 2006 2007 2008 2009 2010 2011 2012 2013 2014 2015 2016
46212 : 2004 2005 2006 2007 2008 2009 2010 2011 2012 2013
46213 : 2004 2005 2006 2007 2008 2009 2010 2011 2012 2013 2014 2015 2016
46214 : 2004 2005 2006 2007 2008 2009 2010 2011 2012 2013 2014 2015 2016
46215 : 2004 2005 2006 2007 2008 2009 2010 2011 2012 2013 2014 2015 2016
46216 : 2004 2005 2006 2007 2008 2009 2010 2011 2012 2013 2014 2015 2016
46217 : 2004 2005 2006 2007 2008 2009 2010 2011 2012 2013 2014 2015 2016
46218 : 2004 2005 2006 2007 2008 2009 2010 2011 2012 2013 2014 2015 2016
46219 : 2004 2005 2006 2007 2010 2011 2012 2013 2014 2015 2016
46220 : 2004
46221 : 2004 2005 2006 2007 2008 2009 2010 2011 2012 2013 2014 2015 2016
46222 : 2004 2005 2006 2007 2008 2009 2010 2011 2012 2013 2014 2015 2016
46223 : 2004 2005 2006 2007 2008 2009 2010 2011 2012 2013 2014 2015 2016
46224 : 2004 2005 2006 2007 2008 2009 2010 2011 2012 2013 2014 2015 2016
46225 : 2004 2005 2006 2007 2008 2009 2010 2011 2012 2013 2014 2015 2016
46226 : 2004 2005
46227 : 2005
46228 : 2004 2005
46229 : 2005 2006 2007 2008 2009 2010 2011 2012 2013 2014 2015 2016
46230 : 2005 2006
46231 : 2005 2006 2007 2008 2009 2010 2011 2012 2013 2014 2015 2016
46232 : 2006 2007 2008 2009 2010 2011 2012 2013 2014 2015 2016
46233 : 2006 2007
46234 : 2007 2008 2009
46235 : 2007 2008 2009 2010
46236 : 2007 2008 2009 2010 2011 2012 2013 2014 2015 2016
46237 : 2007 2008 2009 2010 2011 2012 2013 2014 2015 2016
46238 : 2008 2009 2010 2011 2012 2013
46239 : 2008 2009 2010 2011 2012 2013 2014 2015 2016
46240 : 2009 2010 2011 2012 2013 2014 2015 2016
46241 : 2009 2010 2011 2012
46242 : 2009 2010 2011 2012 2013 2014 2015 2016
46243 : 2009 2010 2011 2012 2013 2014 2015 2016
46244 : 2010 2011 2012 2013 2014 2015 2016
46245 : 2010 2011
46246 : 2010 2011 2012 2013 2014 2015 2016
46247 : 2011 2012
46248 : 2011 2012 2013 2014 2015 2016
46249 : 2011 2012
46250 : 2011
46251 : 2013 2014 2015 2016
46252 : 2014 2015
46253 : 2014 2015 2016
46254 : 2015 2016
46255 : 2015 2016
46256 : 2015 2016
46257 : 2015 2016
46258 : 2016
46259 : 2016
46A35 : 2001
46A54 : 1996
47072 : 2003
48011 : 2000 2001
48012 : 2013 2014 2015
48114 : 2014 2015
48211 : 2011 2012 2013
48212 : 2011 2012 2013
48213 : 2012 2013 2014 2015
48214 : 2012 2013 2014 2015
48216 : 2015
51000 : 2009 2010 2011 2012 2013 2014 2015 2016
51001 : 1981 1982 1983 1984 1985 1986 1987 1988 1989 1990 1991 1992 1993 1994 1995 1996 1997 1998 1999 2000 2001 2002 2003 2004 2005 2006 2007 2008 2009 2015 2016
51002 : 1984 1985 1986 1987 1988 1989 1990 1991 1992 1993 1994 1995 1996 1997 1998 1999 2000 2001 2002 2003 2004 2005 2006 2007 2008 2009 2010 2011 2012 2013 2015 2016
51003 : 1984 1985 1986 1987 1988 1989 1990 1991 1992 1993 1994 1995 1996 1997 1998 1999 2000 2001 2002 2003 2004 2005 2006 2007 2008 2009 2010 2011 2012 2013 2014 2015 2016
51004 : 1984 1985 1986 1987 1988 1989 1990 1991 1992 1993 1994 1995 1996 1997 1998 1999 2000 2001 2002 2003 2004 2005 2006 2007 2008 2009 2011 2012 2013 2014 2015 2016
51005 : 1985 1986 1987 1988
51026 : 1993 1994 1995 1996
51027 : 1994 1995
51028 : 1997 1998 1999 2000 2001 2002 2003 2004 2005 2006 2007 2008 2009
51100 : 2009 2010 2011 2012 2013 2014 2015
51101 : 2008 2009 2010 2011 2012 2013 2014 2015 2016
51200 : 2009 2010
51201 : 2004 2005 2006 2007 2008 2009 2010 2011 2012 2013 2014 2015 2016
51202 : 2004 2005 2006 2007 2008 2009 2010 2011 2012 2013 2014 2015 2016
51203 : 2007 2008 2009 2010 2011 2012 2013 2014 2015 2016
51204 : 2010 2011 2012 2013 2014 2015 2016
51205 : 2011 2012 2013 2014 2015 2016
51206 : 2012 2013 2014 2015 2016
51207 : 2012 2013 2014 2015 2016
51208 : 2013 2014 2015 2016
51209 : 2014 2015 2016
51210 : 2016
51WH1 : 2008 2009 2010 2011 2012 2013 2014 2015 2016
51WH2 : 2007 2008 2009 2010 2011 2012
52009 : 1990 1991 1992 1993 1994
52200 : 2004 2005 2006 2007 2008 2009 2010 2011 2012 2013 2014 2015 2016
52201 : 2010 2011 2012 2013 2014 2015 2016
52202 : 2012 2013 2014 2015 2016
52211 : 2012 2013 2014 2015 2016
52212 : 2015 2016
91204 : 1995 1996 1997 1998
91222 : 1990 1991 1992 1993 1994 1995 1996 1997
91251 : 1989 1990 1991 1992 1993 1994 1995 1996 1997
91328 : 1992 1993 1994 1995 1996 1997 1998
91338 : 1993 1994 1995 1996
91343 : 1991 1992 1993 1994 1995 1996 1997 1998
91352 : 1991 1992 1993 1994 1995 1996 1997 1998
91355 : 1990 1991 1992 1993 1994 1995 1996 1997
91365 : 1989 1990 1991 1992
91374 : 1996 1997 1998
91377 : 1990 1991 1992 1993 1994 1995 1996 1997 1998
91411 : 1995 1996 1997 1998
91442 : 1996 1997 1998
AAMC1 : 2005 2006 2007 2008 2009 2010 2011 2012 2013 2014 2015 2016
ABAN6 : 1993 1994 1995 1996 1997 1998 1999 2000 2001 2002 2003 2004 2005 2006 2007 2008 2009
ACMN4 : 2004 2005 2006 2007 2008 2009 2010 2011
ACYN4 : 2004 2005 2006 2007 2008 2009 2010 2011 2012 2013 2014 2015 2016
ADKA2 : 2005 2006 2007 2008 2009 2010 2011 2012 2013 2014 2015 2016
AGCM4 : 2012 2013 2014 2015 2016
AGMW3 : 2005 2006 2007 2008 2009 2010 2011 2012 2013 2014 2015 2016
AGXC1 : 2016
ALIA2 : 2008 2009 2010 2011 2012 2013 2014 2015 2016
ALRF1 : 1984 1985 1986 1987
ALSN6 : 1984 1985 1986 1987 1988 1989 1990 1991 1992 1993 1994 1995 1996 1997 1998 1999 2000 2001 2002 2003 2004 2005 2006 2007 2008
ALXN6 : 2008 2009 2010 2011 2012 2013 2014 2015 2016
AMAA2 : 2003 2004 2005 2006 2007 2008 2009 2010 2011 2012 2013 2014 2015 2016
AMRL1 : 2008 2009 2010 2011 2012 2013 2014 2015 2016
ANCF1 : 2005 2006 2007 2008 2009 2010 2011 2012 2013
ANMF1 : 2004 2006 2007 2008 2009 2010 2011 2012 2013
ANTA2 : 2005 2006 2007 2008 2009 2010 2011 2012 2013 2014 2015 2016
ANVC1 : 2005 2006 2007 2008 2009 2010 2011 2012 2013 2014 2015 2016
APAM2 : 2010 2011 2012 2013 2014 2015 2016
APCF1 : 2005 2006 2007 2008 2009 2010 2011 2012 2013 2014 2015 2016
APNM4 : 2005 2006 2007 2008 2009 2010 2011 2012 2013 2014 2015 2016
APRP7 : 2008 2009 2010 2011 2013 2014 2015 2016
AROP4 : 2010 2011 2012 2013 2014 2015 2016
ARPF1 : 2004 2005 2006 2007 2008 2009 2010 2011 2012 2013 2014 2015 2016
ASTO3 : 2005 2006 2007 2008 2009 2010 2011 2012 2013 2014 2015 2016
ATGM1 : 2009 2010 2011 2012 2013 2014 2015 2016
ATKA2 : 2008 2009 2010 2011 2012 2013 2014 2015 2016
AUDP4 : 2009 2010 2011 2012 2015
AUGA2 : 1999 2000 2001 2002 2003 2004 2005 2006 2007 2008 2009 2010 2011 2012 2013 2014 2015 2016
AVAN4 : 2004 2005 2006 2007 2008 2009 2010 2011
AWRT2 : 2014 2015 2016
BABT2 : 2004 2005 2007 2008 2009 2010 2011 2012 2013 2014 2015 2016
BARA9 : 2011 2012 2013 2014 2015 2016
BARN6 : 2011 2012 2013 2014 2015
BATN6 : 2004 2005 2006 2007 2008 2009 2010 2011 2012 2013 2014 2015 2016
BAXC1 : 2016
BDRN4 : 2006 2007 2008 2009 2010 2011 2012 2013 2014 2015 2016
BDSP1 : 2016
BDVF1 : 2009 2010 2011 2012 2013 2014 2015 2016
BDXC1 : 2015 2016
BEPB6 : 2007 2008 2009 2010 2011 2012 2013 2014 2015 2016
BFTN7 : 2005 2006 2007 2008 2009 2010 2011 2012 2013 2014 2015 2016
BGCF1 : 2005 2006 2007 2008 2009 2010 2011 2012 2013 2014 2015 2016
BGNN4 : 2004 2005 2006 2007 2008 2009 2010 2011 2012 2013 2014 2015 2016
BHBM3 : 2005 2006 2007 2008 2009 2010 2011 2012 2013 2014 2015 2016
BHRC3 : 2004 2005 2006 2007 2008 2009 2010
BHRI3 : 2006 2007 2008 2009 2010 2011 2012 2013 2014 2015 2016
BIGM4 : 2007 2008 2009 2010 2011 2012 2013 2014 2015 2016
BISM2 : 2006 2007 2008 2009 2010 2011 2012 2013 2014 2015 2016
BKBF1 : 2014 2015 2016
BKTL1 : 2013 2014 2015 2016
BKYF1 : 2015 2016
BLIA2 : 1995 1996 1997 1998 1999 2000 2001 2002 2003 2004 2005 2006 2007 2008 2009 2010 2011 2012 2013 2014 2015 2016
BLIF1 : 2014 2015 2016
BLTA2 : 2007 2008 2009 2010 2011 2012 2013 2014
BLTM2 : 2005 2006 2007 2008 2009 2010 2011 2012 2013 2014 2015 2016
BLTM3 : 2004 2005 2006 2007 2008 2009 2010 2011 2012 2013 2014 2015 2016
BNKF1 : 2009 2010 2011 2012 2013 2014 2015 2016
BOBF1 : 2009 2010 2011 2012 2013 2014 2015 2016
BRBN4 : 2004 2005 2006 2007 2008 2009 2010 2011
BRHC3 : 2004 2005 2006 2007 2008 2009 2010 2011 2012 2013 2014 2015 2016
BRND1 : 2006 2007 2008 2009 2010 2011 2012 2015 2016
BSBM4 : 2006 2007 2008 2009 2010 2011 2012 2013 2014 2015 2016
BSCA1 : 2011 2012 2013 2014 2015 2016
BTHD1 : 2013 2014 2015 2016
BUFN6 : 2004 2005 2006 2007 2008 2009 2010 2011 2012 2013 2014 2015 2016
BURL1 : 1984 1985 1986 1987 1988 1989 1990 1991 1992 1993 1994 1995 1996 1997 1998 1999 2000 2001 2002 2003 2004 2005 2006 2007 2009 2010 2011 2012 2013 2014 2015 2016
BUSL1 : 1991 1992 1993 1994 1995 1996
BUZM3 : 1985 1986 1987 1988 1989 1990 1991 1992 1993 1994 1997 1998 1999 2000 2001 2002 2003 2004 2005 2006 2007 2008 2009 2010 2011 2012 2013 2014 2015 2016
BWSF1 : 2009 2010 2011 2012 2013 2014 2015 2016
BYGL1 : 2005 2006 2007 2008 2009 2010 2011 2012 2013 2014 2015 2016
BZBM3 : 2004 2005 2006 2007 2008 2009 2010 2011 2012 2013 2014 2015 2016
C58W3 : 2012 2013 2014 2015
CAMF1 : 2008 2009 2010 2011 2012 2013 2014
CAMM2 : 2005 2006 2007 2008 2009 2010 2011 2012 2013 2014 2015 2016
CANF1 : 2009 2010 2011 2012 2013 2014 2015 2016
CAPL1 : 2005 2007 2008 2009 2010 2011 2012 2013 2014 2015 2016
CARL1 : 2013 2014 2015 2016
CARO3 : 1985 1986 1987 1988 1989 1990 1991 1992 1993 1994 1995 1996 1997 1998 1999 2000 2001 2002 2003 2004 2005 2006 2007 2008 2009 2010 2011 2012
CASM1 : 2004 2005 2006 2007 2008 2009 2010 2011 2012 2013 2014 2015 2016
CBBV2 : 2005 2006 2007 2008 2009 2010 2011 2012 2013 2014 2015 2016
CBIM2 : 2005 2007 2008
CBLO1 : 2007 2008 2009 2010 2011 2012 2013 2014 2015 2016
CBRW3 : 2008 2009 2010 2011 2012 2013 2014 2015 2016
CCUF1 : 2008 2009 2010 2011 2012
CDEA2 : 2006 2007 2008 2009 2010 2011 2012 2013 2014 2015 2016
CDRF1 : 1995 1996 1997 1998 1999 2000 2001 2002 2003 2004 2005 2006 2007 2008 2009 2010 2011 2012 2013 2014 2015 2016
CECC1 : 2005 2006 2007 2008 2009 2010 2011 2012 2013 2014 2015 2016
CFWM1 : 2011 2012 2013 2014 2015 2016
CGCL1 : 2013 2014 2015
CHAO3 : 2005 2006 2007 2008 2009 2010 2011 2012 2013 2014 2015 2016
CHAV3 : 2005 2006 2007 2008 2009 2010 2011 2012 2013 2014 2015 2016
CHCM2 : 2005 2006 2007 2008 2009 2010 2011 2012 2013 2014 2015 2016
CHDS1 : 2008 2009 2010 2011 2012 2013 2014 2015 2016
CHII2 : 2005 2006 2007 2008 2009 2010 2011 2012 2013 2014 2015 2016
CHLV2 : 1984 1985 1986 1987 1988 1989 1990 1991 1992 1993 1994 1995 1996 1997 1998 1999 2000 2001 2002 2003 2004 2005 2006 2007 2008 2009 2010 2011 2012 2013 2014 2015 2016
CHSV3 : 2008 2009 2010 2011 2012 2013 2014 2015 2016
CHTS1 : 2012 2013 2014 2015 2016
CHYV2 : 2006 2007 2008 2009 2010 2011 2012 2013 2014 2015 2016
CHYW1 : 2005 2006 2007 2008 2009 2010 2011 2012 2013 2014 2015 2016
CLBP4 : 2009 2010 2011 2012 2013 2016
CLKN7 : 1984 1985 1986 1987 1988 1989 1990 1991 1992 1993 1994 1995 1996 1997 1998 1999 2000 2001 2002 2003 2004 2005 2006 2007 2008 2009 2010 2011 2012 2013 2014 2015 2016
CLLT2 : 2007 2008
CLSM4 : 2007 2008 2009 2010 2011 2012 2013 2014 2015 2016
CMAN4 : 2004 2005 2006 2007 2008 2009 2010 2011 2012 2013 2014 2015 2016
CMTI2 : 2004 2005 2006 2007 2008 2009 2010 2011 2012 2013 2014 2015 2016
CNBF1 : 2009 2010 2011 2012 2013 2014 2015 2016
CNDO1 : 2006 2007 2008 2009 2010 2011 2012 2013 2014 2015 2016
CNII2 : 2012 2013 2014 2015 2016
COVM2 : 2006 2007 2008 2009 2010 2011 2012 2013 2014 2015 2016
CPMW1 : 2016
CPNT2 : 2011 2012 2013 2014 2015 2016
CPTR1 : 2004 2005 2006 2007 2008 2009 2010 2011 2012 2013 2014 2015 2016
CPVM2 : 2015 2016
CPXC1 : 2007 2008 2009 2010 2012 2013 2014 2015 2016
CQUC1 : 2015 2016
CRTA1 : 2011 2012 2013 2014 2015 2016
CRVA2 : 2010 2011 2012 2013 2014 2015 2016
CRYV2 : 2006 2007 2008 2009 2010 2011 2012 2013 2014 2015 2016
CSBF1 : 1983 1984 1985 1986 1987 1988 1989 1990 1991 1992 1993 1994 1995 1996 1997 1998 1999 2000 2001 2002 2003
CSPA2 : 2006 2007 2008 2009 2010 2011 2012 2013 2014 2015 2016
CTGM1 : 2009 2010
CWAF1 : 2012 2013 2014 2015 2016
CWBF1 : 2005 2006 2007 2008 2009 2010 2011 2012 2013 2014 2015 2016
CYGM4 : 2010 2011 2012 2013 2014 2015
DBLN6 : 1983 1984 1985 1986 1987 1988 1989 1990 1991 1992 1993 1994 1995 1996 1997 1998 1999 2000 2001 2002 2003 2004 2005 2006 2007 2008 2009 2010 2011 2012 2013 2014 2015 2016
DELD1 : 2006 2007 2008 2009 2010 2011 2012 2013 2014 2015 2016
DESW1 : 1984 1985 1986 1987 1988 1989 1990 1991 1992 1993 1994 1995 1996 1997 1998 1999 2000 2001 2002 2003 2004 2005 2006 2007 2008 2009 2010 2011 2012 2013 2014 2015 2016
DISW3 : 1983 1984 1985 1986 1987 1988 1989 1990 1991 1992 1993 1994 1995 1996 1997 1998 1999 2000 2001 2002 2003 2004 2005 2006 2007 2008 2009 2010 2011 2012 2013 2014 2015 2016
DKCM6 : 2008 2009 2010 2011 2012 2013 2014 2015 2016
DKKF1 : 2009 2010 2011 2012 2013 2014 2015 2016
DMNO3 : 2004 2005 2006 2007 2015
DMSF1 : 2014 2015 2016
DOMV2 : 2006 2007 2008 2009 2010 2011 2012 2013 2014 2015 2016
DPIA1 : 1987 1988 1989 1990 1991 1992 1993 1994 1995 1996 1997 1998 1999 2000 2001 2002 2003 2004 2005 2006 2007 2008 2009 2010 2011 2012 2013 2014 2015 2016
DPXC1 : 2013 2014 2015 2016
DRFA2 : 1999 2000 2001 2002 2003 2004 2005 2006 2007 2008 2009 2010 2011 2012 2013 2014 2015 2016
DRYF1 : 1992 1993 1994 1995 1996 1997 1998 1999 2000 2001 2002 2003 2004 2005
DSLN7 : 1984 1985 1986 1987 1988 1989 1990 1991 1992 1993 1994 1995 1996 1997 1998 1999 2000 2001 2002 2003
DTLM4 : 2004 2005 2006 2007 2008 2009 2010 2011 2012 2013 2014 2015 2016
DUCN7 : 1996 1997 1998 1999 2000 2001 2002 2003 2004 2005 2006 2007 2008
DUKN7 : 2008 2009 2010 2011 2012 2013 2014 2015 2016
DULM5 : 2004 2005 2006 2007 2008 2009 2010 2011 2012 2013 2014 2015 2016
EB01 : 1970 1971 1972 1973 1974 1975
EB10 : 1972 1973 1974 1975 1976
EB31 : 1973
EB32 : 1974 1975
EB33 : 1974 1975 1976
EB35 : 1976 1977
EB36 : 1973
EB43 : 1976 1977
EB52 : 1973
EB53 : 1973
EB61 : 1973 1974 1975
EB62 : 1974 1975
EB70 : 1976 1977
EB90 : 1974
EB91 : 1975
EB92 : 1975 1976 1977
EBSW1 : 2005 2006 2007 2008 2009 2010 2011 2012 2013 2014 2015 2016
EGKF1 : 2004 2005 2006 2007 2008 2009 2010 2011 2012 2013
EINL1 : 2015 2016
ELFA2 : 2008 2009 2010 2011 2012 2013 2014 2015 2016
EPTT2 : 2007 2008 2009 2010 2011 2012 2013 2014 2015 2016
EREP1 : 2014 2015 2016
EROA2 : 2006 2007 2008 2009 2010 2011 2012 2013 2014 2015 2016
ERTF1 : 2006 2007 2008 2009 2010 2011 2012 2013 2014
ESPP4 : 2009 2010 2011 2012 2013 2014 2015 2016
FAIO1 : 2009 2010 2011 2012 2013 2014 2015 2016
FARP2 : 1988 1989 1990
FBIS1 : 1984 1985 1986 1987 1988 1989 1990 1991 1992 1993 1994 1995 1996 1997 1998 1999 2000 2001 2002 2003 2004 2005 2006 2007 2008 2009 2010 2011 2012 2013 2014 2015 2016
FBPS1 : 2007 2008 2009 2010
FCGT2 : 2008 2009 2010 2011 2012 2013 2014 2015 2016
FFIA2 : 1984 1985 1986 1987 1988 1989 1990 1991 1992 1993 1994 1995 1996 1997 1998 1999 2000 2001 2002 2003 2004 2005 2006 2007 2008 2009 2010 2011 2012 2013 2014 2015 2016
FGBL1 : 2005 2006 2007 2008 2009 2010
FHPF1 : 2005 2006 2007 2008 2010 2011 2012 2013 2014 2015 2016
FILA2 : 2003 2004 2005 2006 2007 2008 2009 2010 2011 2012 2013 2014 2015 2016
FMOA1 : 2008 2009 2010 2011 2012 2013 2014 2015 2016
FMRF1 : 2005 2006 2007 2008 2009 2010 2011 2012 2013 2014 2015 2016
FOXR1 : 2004 2005 2006 2007 2008 2009 2010 2011 2012 2013 2014 2015 2016
FPKG1 : 2005 2006 2007 2008 2009 2010 2011 2012 2013 2014 2015 2016
FPSN7 : 1984 1985 1986 1987 1988 1989 1990 1991 1992 1993 1994 1995 1996 1997 1998 1999 2000 2001 2002 2003 2004 2005 2006 2007 2008
FPTM4 : 2006 2007 2008 2009 2010 2011 2012 2013 2014 2015 2016
FPTT2 : 2005 2006 2007 2008
FPXC1 : 2015 2016
FRCB6 : 2016
FRDF1 : 2005 2006 2007 2008 2009 2010 2011 2012 2013 2014 2015 2016
FRDP4 : 2010 2011 2012 2013 2014 2015 2016
FRDW1 : 2005 2006 2007 2008 2009 2010 2011 2012 2013 2014 2015 2016
FREL1 : 2015 2016
FRFN7 : 2013 2014 2015 2016
FRPS1 : 2006 2007 2008
FRVM3 : 2004 2005 2006 2007 2008 2009 2010 2011 2012 2013 2014 2015 2016
FRWL1 : 2009 2010 2011 2012 2013 2014 2015 2016
FRXM3 : 2015 2016
FSKM2 : 2005 2006 2007 2008 2009 2010 2011 2012 2013 2014 2015 2016
FSNM2 : 2016
FSTI2 : 2011 2012 2013 2014 2015 2016
FTGM4 : 2004 2005 2006 2007 2008 2009 2010 2011 2012 2013 2014 2015 2016
FTPC1 : 2005 2006 2007 2008 2009 2010 2011 2012 2013 2014 2015 2016
FWIC3 : 2004 2005 2006 2007 2008 2009 2010
FWYF1 : 1991 1992 1993 1994 1995 1996 1997 1998 1999 2000 2001 2002 2003 2004 2005 2006 2007 2008 2009 2010 2011 2012 2013 2014 2015 2016
GBCL1 : 1989 1990 1991 1992
GBIF1 : 2009 2010 2011 2012 2013 2014 2015 2016
GBLW3 : 2005 2006 2007 2008 2009 2010 2011 2012
GBTF1 : 2009 2010 2011 2012 2013 2014 2015 2016
GCVF1 : 2014 2015 2016
GDIL1 : 1984 1985 1986 1987 1988 1989 1990 1991 1992 1993 1994 1995 1996 1997 1998 1999 2000 2001 2002 2003 2004 2005
GDIV2 : 2006 2007 2008 2009
GDMM5 : 2004 2005 2006 2007 2008 2009 2010 2011 2012 2013 2014 2015 2016
GELO1 : 2007 2008 2009 2010 2011 2012 2013 2014 2015 2016
GISL1 : 2005 2006 2007 2008 2009 2010 2011 2012 2013 2014 2015 2016
GKYF1 : 2015 2016
GLLN6 : 1983 1984 1985 1986 1987 1988 1989 1990 1991 1992 1993 1994 1995 1996 1997 1998 1999 2000 2001 2002
GLPT2 : 2004
GNJT2 : 2006 2007 2008 2011 2012 2013 2014 2015 2016
GPOM6 : 2008 2009 2010 2011 2012 2013
GPST2 : 2005 2006 2007 2008 2009 2010 2011
GRBL1 : 2015 2016
GRIM4 : 2016
GRMM4 : 2006 2007 2008 2009 2010 2011 2012 2014 2015 2016
GRRT2 : 2014 2016
GSLM4 : 2005 2006 2007 2008 2009 2010 2011 2012 2013 2014 2015 2016
GTBM4 : 2007
GTLM4 : 2006 2007 2008 2009 2010 2011 2012 2013 2014 2015 2016
GTOT2 : 2005 2006 2007 2008 2009 2013 2014 2015 2016
GTRM4 : 2007 2008 2009 2010 2011 2012 2013 2014 2015 2016
GWPM6 : 2008 2009 2010 2011 2012
HBXC1 : 2015 2016
HBYC1 : 2005 2006 2007 2008 2009 2010 2011 2012 2013 2014 2015 2016
HCEF1 : 2009 2010 2011 2012 2013 2014 2015 2016
HCGN7 : 2010 2011 2012 2013 2014 2015 2016
HHLO1 : 2007 2008 2009 2010 2011 2012 2013 2014 2015 2016
HIST2 : 2014 2015 2016
HLNM4 : 2010 2011 2012 2013 2014 2015 2016
HMDO3 : 2013 2014
HMSA2 : 2012 2013 2014 2015 2016
HPLM2 : 2005 2006 2007
HRBM4 : 2004 2005 2006 2007 2008 2009 2010 2011 2012 2013 2014 2015 2016
HREF1 : 2015 2016
HRVC1 : 2013 2014 2015 2016
HSSF1 : 2004 2005 2006 2007 2008 2009
ICAC1 : 2010 2011 2012 2013 2014 2015 2016
ICYA2 : 2012 2013 2014 2015 2016
IIWC1 : 2010 2011 2012 2013 2014 2015 2016
ILDL1 : 2011 2012
ILOH1 : 2008 2009 2010 2011 2012 2013 2014 2015 2016
IMGP4 : 2014 2015 2016
IOSN3 : 1984 1985 1986 1987 1988 1989 1990 1991 1992 1993 1994 1995 1996 1997 1998 1999 2000 2001 2002 2003 2004 2005 2006 2007 2008 2009 2010 2011 2012 2013 2014 2015 2016
IRDT2 : 2007 2008 2016
ITKA2 : 2012 2013 2014 2015 2016
JAKI2 : 2011 2012 2015 2016
JKYF1 : 2009 2010 2011 2012 2013 2014 2015 2016
JMLA2 : 2013 2014 2015 2016
JMPN7 : 2006 2007 2008 2009 2010 2011 2012 2013 2014 2015 2016
JNEA2 : 2009 2010 2011 2012 2013 2014 2015 2016
JPRN7 : 2013 2014
JXUF1 : 2015 2016
KATA1 : 2011 2012 2013 2014 2015 2016
KDAA2 : 2010 2011 2012 2013 2014 2015 2016
KECA2 : 2009 2010 2011 2012 2013 2014 2015 2016
KGCA2 : 2008 2009 2010 2011 2012 2013 2014 2015 2016
KLIH1 : 2005 2006 2007 2008 2009 2010 2011 2012 2013 2014 2015 2016
KNOH1 : 2008 2009 2010 2011 2012
KNSW3 : 2005 2006 2007 2008 2009 2010 2011 2012 2013 2014 2015 2016
KPTN6 : 2004 2005 2006 2007 2008 2009 2010 2011 2012 2013 2014 2015 2016
KPTV2 : 2005 2006 2007 2008 2009 2010 2011 2012 2013 2014 2015 2016
KTNF1 : 1995 1996 1997 1998 1999 2000 2001 2002 2003 2004 2005 2006 2007 2008 2009 2010 2011 2012 2013 2014 2015 2016
KWHH1 : 2012 2013 2014 2015 2016
KWJP8 : 2006 2007 2008 2009 2010 2011 2012 2013 2014 2015 2016
KWNW3 : 2006 2007 2008 2009 2010 2011 2012 2013 2014 2015 2016
KYWF1 : 2005 2006 2007 2008 2009 2010 2011 2012 2013 2014 2015 2016
LABL1 : 2005 2006 2007 2008 2009 2010 2011 2012
LAMV3 : 2012 2013 2014 2015 2016
LAPW1 : 2006 2007 2008 2009 2010 2011 2012 2013 2014 2015 2016
LBRF1 : 2009 2010 2011 2012 2013 2014 2015 2016
LBSF1 : 2009 2010 2011 2012 2013 2014 2015 2016
LCIY2 : 2009 2010 2011 2012
LCLL1 : 2009 2010 2011 2012 2013 2014 2015 2016
LCNA2 : 2007 2008 2009 2010 2011 2012 2013 2014 2015 2016
LDLC3 : 2004 2005 2006 2007 2008 2009 2010 2011 2012 2013 2014 2015 2016
LDTM4 : 2004 2005 2006 2007 2008 2009 2010 2011 2012 2013 2014 2015 2016
LJAC1 : 2005 2006 2007 2008 2009 2010 2011 2012 2013 2014 2015 2016
LJPC1 : 2005 2006 2007 2008 2009 2010 2011 2012 2013 2014 2015 2016
LKPL1 : 2004 2005 2006 2007 2008 2009 2010 2011 2012
LKWF1 : 1984 1985 1986 1987 1988 1989 1990 1991 1993 1994 1995 1996 1997 1998 1999 2000 2001 2002 2003 2004 2006 2007 2008 2009 2010 2011 2012 2013 2014 2015 2016
LLBP7 : 2011 2012 2013 2014
LMBV4 : 2011 2012 2013 2014 2015 2016
LMDF1 : 2009 2010 2011 2012 2013 2014 2015 2016
LMFS1 : 2007 2008 2009 2010 2011 2012 2013 2014 2015 2016
LMRF1 : 2009 2010 2011 2012 2013 2014 2015 2016
LMSS1 : 2008 2009 2010 2011 2012 2014
LNDC1 : 2012 2013 2014 2015 2016
LNEL1 : 1991 1992
LONF1 : 1992 1993 1994 1995 1996 1997 1998 1999 2000 2001 2002 2003 2004 2005 2006 2007 2008 2009 2010 2011 2012 2013 2014 2015 2016
LOPL1 : 2011 2012 2013 2014 2015 2016
LOPW1 : 2007 2008 2009 2010 2011 2012 2013 2014 2015 2016
LPNM4 : 2008 2009 2010 2011 2012 2013 2014 2015 2016
LPOI1 : 1997 1998 1999
LPRP4 : 2008 2009 2010 2011 2012 2013
LPWA2 : 2012 2013 2014 2015
LRIF1 : 2012 2013 2014 2015 2016
LRKF1 : 2009 2010 2011 2012 2013 2014 2015 2016
LSCM4 : 2001 2002 2003 2004 2005 2006 2007 2008 2009 2010 2011 2012
LSNF1 : 2009 2010 2011 2012 2013 2014 2015 2016
LTBV3 : 2005 2006 2007 2008 2009 2010 2011 2012 2013 2014 2015 2016
LTJF1 : 2014 2015 2016
LTRM4 : 2006 2007 2008 2009 2010 2011 2012 2013 2014 2015 2016
LUIT2 : 2014 2015 2016
LUML1 : 2004 2005 2006 2007 2008 2009 2010 2011 2012 2013
LWSD1 : 2004 2005 2006 2007 2008 2009 2010 2011 2012 2013 2014 2015 2016
LWTV2 : 2005 2006 2007 2008 2009 2010 2011 2012 2013 2014 2015 2016
LYBT2 : 2014 2015 2016
MACM4 : 2009 2010 2011 2012 2013 2014 2015 2016
MBET2 : 2016
MBLA1 : 2006 2007 2008 2009 2010 2011 2012 2013 2014 2015 2016
MBPA1 : 2015 2016
MBRM4 : 2009 2010 2011 2012 2013 2014 2015 2016
MBXC1 : 2015 2016
MCGA1 : 2008 2009 2010 2011 2012 2013 2014 2015 2016
MCGM4 : 2004 2005 2006 2007 2008 2009 2010 2011 2012 2013 2014 2015 2016
MCYF1 : 2005 2006 2007 2008 2012 2013 2014 2015 2016
MCYI3 : 2005 2006 2007 2008 2009 2010 2011 2012 2013 2014 2015 2016
MDRM1 : 1984 1985 1986 1987 1988 1989 1990 1991 1992 1993 1994 1995 1996 1997 1998 1999 2000 2001 2002 2003 2004 2005 2006 2007 2008 2009 2010 2011 2012 2013 2014 2015 2016
MEEM4 : 2009 2010 2011 2012 2013 2014 2015 2016
MEYC1 : 2016
MGIP4 : 2005 2006 2007 2008 2009 2010 2011 2012 2013 2014 2015 2016
MGPT2 : 2005 2006 2007 2008 2009 2010 2011 2012 2013 2014 2015 2016
MGZP4 : 2010 2011 2012 2013 2014 2015 2016
MHPA1 : 2006 2007 2008 2009 2010 2011 2012 2013 2014 2015 2016
MHRN6 : 2015 2016
MISC3 : 2004 2005 2006 2007 2008 2009 2010
MISM1 : 1984 1985 1986 1987 1988 1989 1990 1991 1992 1993 1994 1995 1996 1997 1998 1999 2000 2001 2002 2003 2004 2005 2006 2007 2008 2009 2010 2011 2012 2013 2015 2016
MISMA : 2012 2013 2014
MISN6 : 2004 2005 2006 2007 2008 2009 2010
MISP4 : 2009 2010 2011 2012 2013 2014 2015 2016
MIST2 : 2015 2016
MKGM4 : 2005 2006 2007 2008 2009 2010 2011 2012 2013 2014 2015 2016
MLRF1 : 1987 1988 1989 1990 1991 1992 1993 1994 1995 1996 1997 1998 1999 2000 2001 2002 2003 2004 2005 2006 2007 2008 2009 2010 2011 2012 2013 2014 2015 2016
MLSC1 : 2008 2009 2010 2011 2012 2013 2015 2016
MLTO3 : 2004 2005 2006
MLWW3 : 2005 2006 2007 2008 2009 2010 2011 2012 2013 2014 2015 2016
MNMM4 : 2006 2007 2008 2009 2010 2011 2012 2013 2014 2015 2016
MNPV2 : 2005 2006 2007 2008 2009 2010 2011 2012 2013 2014 2015 2016
MOKH1 : 2008 2009 2010 2011 2012 2013 2014 2015 2016
MPCL1 : 1988 1989 1990 1991 1992
MQTT2 : 2005 2006 2007 2008 2009 2010 2011 2012 2013 2014 2015 2016
MRCP1 : 2008 2009 2010 2011 2012 2013 2014 2015
MRHO1 : 2005 2006 2007 2008 2009 2010 2011 2012 2013 2014 2015 2016
MRKA2 : 1997 1998 1999 2000 2001 2002 2003 2004 2005 2006 2007 2008 2009 2010 2011 2012 2013 2014 2015 2016
MRNA2 : 2012 2013 2014 2015 2016
MROS1 : 2005 2006 2007 2008 2009 2010 2011 2012 2013 2014 2015 2016
MRSL1 : 2009 2011 2012 2013 2014 2015 2016
MRYA2 : 2012 2013 2014 2015 2016
MTBF1 : 2008 2013 2014 2015 2016
MTKN6 : 2004 2005 2006 2007 2008 2009 2010 2011 2012 2013 2014 2015 2016
MTYC1 : 2005 2006 2007 2008 2009 2010 2011 2012 2013 2014 2015 2016
MUKF1 : 2009 2010 2011 2012 2013 2014 2015 2016
MYPF1 : 2005 2006 2007 2008 2011 2012 2013 2014 2015 2016
MYXC1 : 2015 2016
MZXC1 : 2013 2014 2015 2016
NABM4 : 2006 2007 2008 2009 2010 2011 2012 2013 2014 2015 2016
NBBA3 : 2016
NBLP1 : 2006 2007 2008 2009 2010 2011 2012 2013 2014 2015 2016
NCDV2 : 2015 2016
NCHT2 : 2011 2012 2013 2014 2015 2016
NCSC3 : 2004 2005 2006 2007 2008 2009 2010
NEAW1 : 2005 2006 2007 2008 2009 2010 2011 2012 2013 2015 2016
NFBF1 : 2004 2005 2009 2010 2011 2012 2013 2014 2015 2016
NFDF1 : 2014 2015 2016
NGLT2 : 2007 2008 2009 2010 2011 2012 2013 2014
NIAN6 : 2008 2009 2010 2011 2012 2013 2014 2015 2016
NKLA2 : 2014 2015 2016
NKTA2 : 2005 2006 2007 2008 2009 2010 2011 2012 2013 2014 2015 2016
NLMA3 : 2016
NLNC3 : 2004 2005 2006 2007 2008 2009 2010 2011 2012 2013 2014 2015 2016
NMTA2 : 2005 2006 2007 2008 2009 2010 2011 2012 2013 2014 2015 2016
NOSC3 : 2004 2005 2006 2007 2008 2009 2010
NPDW3 : 2005 2006 2007 2008 2009 2010 2011 2012 2013 2014 2015 2016
NPSF1 : 2005 2006 2007 2008 2009 2010 2011 2012 2013 2014 2015 2016
NRRF1 : 2015 2016
NSTP6 : 2006 2007 2008 2009 2010 2011 2012 2013 2014 2015 2016
NTBC1 : 2009 2010 2011 2012 2013 2014 2015 2016
NTKM3 : 2005 2006 2007 2008 2009 2010 2011 2012 2013 2014 2015 2016
NUET2 : 2014 2015 2016
NWCL1 : 2008 2009 2010 2011 2012 2013 2014 2015 2016
NWHC3 : 2004 2005 2006 2007 2008 2009 2010 2011 2012 2013 2014 2015 2016
NWPO3 : 1985 1986 1987 1988 1989 1990 1991 1992 1993 1994 1995 1996 1997 1998 1999 2000 2001 2002 2003 2004 2005 2006 2007 2008 2009 2010 2011 2012 2013 2014 2015 2016
NWPR1 : 2004 2005 2006 2007 2008 2009 2010 2011 2012 2013 2014 2015 2016
NWWH1 : 2008 2009 2010 2011 2012 2013 2014 2015 2016
OBGN6 : 2010 2011 2012 2013 2014 2015 2016
OBLA1 : 2008 2009 2010 2011 2012 2013 2014 2015 2016
OBXC1 : 2013 2014 2015 2016
OCGN4 : 2010 2011
OCIM2 : 2008 2009 2010 2011 2012 2013 2014 2015 2016
OCPN7 : 2006 2007 2008 2009 2010 2011 2012 2013
OCSM2 : 2013 2014 2015 2016
OFPN6 : 2004 2005 2006 2007 2008 2009 2010
OHBC1 : 2005 2006 2007 2008 2009 2010 2011 2012 2013 2014 2015 2016
OKSI2 : 2011 2012 2014 2015 2016
OKXC1 : 2013 2014 2015 2016
OLCN6 : 2007 2008 2009 2010 2011 2012 2013 2014 2015 2016
OLSA2 : 2010 2011 2012 2013 2014 2015 2016
OMHC1 : 2008 2009 2010 2011 2012 2013 2014 2015 2016
OOUH1 : 2005 2006 2007 2008 2009 2010 2011 2012 2013 2014 2015 2016
OPTF1 : 2006 2007 2008 2009 2010 2011 2012 2013 2014 2015 2016
ORIN7 : 2005 2006 2007 2008 2009 2010 2011 2012 2013 2014 2015 2016
OSGN6 : 2004 2005 2006 2007 2008 2009 2010 2011 2012 2013 2014 2015 2016
OTNM4 : 2006 2007 2008 2009 2010 2011
OVIA2 : 2008 2009 2010 2011 2012 2013 2014 2015 2016
PACF1 : 2008 2009 2010 2011 2012 2013 2014 2015 2016
PACT2 : 2008 2009 2010 2011 2012 2013 2014 2015 2016
PBPA2 : 2006 2007 2008 2015 2016
PCBF1 : 2005 2006 2007 2008 2013 2014 2015 2016
PCGT2 : 2011 2012 2013 2014 2015 2016
PCLF1 : 2005 2006 2007 2008 2009 2010 2011 2012 2013 2014 2015 2016
PCLM4 : 2006 2007 2008 2009 2010 2011 2012 2013 2014 2015 2016
PCNT2 : 2004 2005 2007 2008 2009 2010 2011 2012 2013 2014 2015 2016
PCOC1 : 2005 2006 2007 2008 2009 2010 2011 2012 2013 2014 2015 2016
PFDC1 : 2016
PFXC1 : 2013 2014 2015 2016
PGBP7 : 2008 2009 2010 2011 2012 2013 2014 2015 2016
PHBP1 : 2004 2005 2006 2007 2008 2009 2010 2011 2012 2013 2014 2015 2016
PILA2 : 1999 2000 2001 2002 2003 2004 2005 2006 2007 2008 2009 2010 2011 2012 2013 2014 2015 2016
PILL1 : 2011 2012 2013 2014 2015 2016
PILM4 : 1984 1985 1986 1987 1988 1989 1990 1991 1992 1993 1994 1995 1996 1997 1998 1999 2000 2001 2002 2003 2004 2005 2006 2007 2008 2009 2010 2011 2012 2013 2014 2015 2016
PKYF1 : 2009 2010 2011 2012 2013 2014 2015 2016
PLSF1 : 2006 2007 2008 2009 2010 2011 2012 2014 2016
PLSFA : 2014 2015 2016
PLSP4 : 2010 2011 2012 2013
PLXA2 : 2009 2010 2011 2012 2013 2014 2015 2016
PMAF1 : 2006 2007 2008 2009 2010 2012 2013 2014 2015 2016
PMNT2 : 2014 2015 2016
PMOA2 : 2013 2014 2015 2016
PNGW3 : 2006 2007 2008 2009 2010 2011 2012 2013 2014 2015 2016
PNLM4 : 2006 2007 2008 2009 2010 2011 2012 2013 2014 2015 2016
PNLM6 : 2008 2009 2010 2011 2012 2013 2014 2015 2016
PORO3 : 2005 2006 2007 2008 2009 2010 2011 2012 2013 2014 2015 2016
PORT2 : 2008 2009 2010 2011 2012 2013 2014 2015 2016
POTA2 : 1995 1996 1997 1998 1999 2000 2001 2002 2003 2004 2005 2006 2007 2008 2009 2010 2011 2012 2013 2014 2015 2016
PPTA1 : 2011 2012 2013 2014 2015 2016
PPTM2 : 2006 2007 2008 2009 2010 2011 2012 2013 2014 2015 2016
PPXC1 : 2013 2014 2015 2016
PRDA2 : 2005 2006 2007 2008 2009 2010 2011 2012 2013 2014 2015 2016
PRIM4 : 2010 2011 2012 2013 2014 2015
PRJC1 : 2013 2014 2015 2016
PRTA2 : 2006 2007 2008 2009 2010 2011 2012 2013 2014 2015 2016
PRUR1 : 2015 2016
PRYC1 : 2005 2007 2008 2009 2010 2011 2012 2013 2014 2015 2016
PSBC1 : 2013 2014 2015 2016
PSBM1 : 2004 2005 2006 2007 2008 2009 2010 2011 2012 2013 2014 2015 2016
PSCM4 : 2007 2008 2009 2011 2012 2013 2014 2015 2016
PSLC1 : 2005 2006 2007 2008 2009 2010 2011 2012 2013 2014 2015 2016
PSTL1 : 2006 2007 2008 2009 2010 2011 2012 2013 2014 2015 2016
PSTN6 : 2009 2010 2011 2012 2013 2014 2015 2016
PSXC1 : 2016
PTAC1 : 1984 1985 1986 1987 1988 1989 1990 1991 1992 1993 1994 1995 1996 1997 1998 1999 2000 2001 2002 2003 2004 2005 2006 2007 2008 2009 2010 2011 2012
PTAT2 : 1984 1985 1986 1987 1988 1989 1990 1991 1992 1993 1994 1995 1996 1997 1998 1999 2000 2001 2002 2003 2004 2005 2006 2007 2008 2009 2010 2011 2012 2013 2014 2015 2016
PTAW1 : 2005 2006 2007 2008 2009 2010 2011 2012 2013 2014 2015 2016
PTBM6 : 2008 2009 2010 2011 2012 2013 2014 2015 2016
PTCR1 : 2004 2005 2006 2007 2008 2009 2010 2011 2012 2013 2014 2015 2016
PTGC1 : 1984 1985 1986 1987 1988 1989 1990 1991 1992 1993 1994 1995 1996 1997 1998 1999 2000 2001 2002 2003 2004 2005 2006 2007 2008 2009 2010 2011 2012 2013 2014 2015 2016
PTIM4 : 2004 2005 2006 2007 2008 2009 2010 2011 2012 2013 2014 2015 2016
PTIT2 : 2005 2006 2007 2008 2009 2010 2011 2012 2013 2014 2015 2016
PTJN6 : 2004 2005 2006 2007 2008 2009 2010
PTLA2 : 2012 2013 2014 2015 2016
PTOA1 : 2015 2016
PTRF1 : 2004 2005 2006 2007 2008 2009 2010
PTRP4 : 2012 2013 2014 2015 2016
PTWW1 : 2005 2006 2007 2008 2009 2010 2011 2012 2013 2014 2015 2016
PVDR1 : 2016
PVGF1 : 2009 2010 2011 2012 2013 2014 2015 2016
PWAW3 : 2006 2007 2008 2009 2010 2011 2012 2013 2014 2015 2016
PXAC1 : 2016
PXOC1 : 2013 2014 2015 2016
PXSC1 : 2014 2015 2016
QPTR1 : 2004 2005 2006 2007 2008 2009 2010 2011 2012 2013 2014 2015 2016
RARM6 : 2008 2009 2010 2011 2012 2013 2014 2015 2016
RCKM4 : 2004 2005 2006 2007 2008 2009 2010 2011 2012 2013 2014 2015 2016
RCMC1 : 2005 2007 2008 2009 2010 2011 2012 2013 2014 2015 2016
RCPT2 : 2008 2009 2010 2011 2012 2013 2014 2015 2016
RCRN6 : 2009 2010 2011 2012 2013 2014 2015 2016
RCYF1 : 2016
RDDA2 : 2006 2007 2008 2009 2010 2011 2012 2013 2014 2015 2016
RDYD1 : 2004 2005 2006 2007 2008 2009 2010 2011 2012 2013 2014 2015 2016
RLIT2 : 2014 2015 2016
RLOT2 : 2007 2008 2009 2010 2011 2012 2013 2014 2015 2016
ROAM4 : 1983 1984 1985 1986 1987 1988 1989 1990 1991 1992 1993 1994 1995 1996 1997 1998 1999 2000 2001 2002 2003 2004 2005 2006 2007 2008 2009 2010 2011 2012 2013 2014 2015 2016
ROBN4 : 2006 2007 2008 2009 2010 2011 2012 2013 2014 2015 2016
RPLV2 : 2005 2006 2007 2008 2009 2010 2011 2012 2013 2014 2015 2016
RPRN6 : 2007 2008 2009 2010 2011 2012 2013 2014 2015 2016
RSJT2 : 2004 2005 2007 2008 2009 2010 2011 2012 2013 2014 2015 2016
RTAT2 : 2007 2008 2009 2010 2011 2012 2013 2014 2015 2016
RTOT2 : 2004 2005
RTYC1 : 2005 2006 2007 2008 2009 2010 2011 2012 2013 2014 2015 2016
SACV4 : 2010 2011 2012 2013 2014 2015 2016
SANF1 : 1991 1992 1993 1994 1995 1996 1997 1998 1999 2000 2001 2002 2003 2004 2005 2006 2007 2008 2009 2010 2011 2012 2013 2014 2015 2016
SAPF1 : 2005 2006 2007 2008 2009 2010 2011 2012 2013 2014 2015 2016
SAUF1 : 1986 1987 1988 1989 1990 1991 1992 1993 1994 1995 1996 1997 1998 1999 2000 2001 2002 2003 2004 2005 2006 2007 2008 2009 2010 2011 2012 2013 2014 2015 2016
SBBN2 : 2016
SBEO3 : 2005 2006 2007 2008 2009 2010 2011 2012 2013 2014 2015 2016
SBIO1 : 1983 1984 1985 1986 1987 1988 1989 1990 1991 1992 1993 1994 1995 1996 1997 1998 1999 2000 2001 2002 2003 2004 2005 2006 2007 2008 2009 2010 2011 2012 2013 2014 2015 2016
SBLF1 : 2008 2009 2010 2011 2012 2013 2014
SBLM4 : 2008 2009 2010 2011 2012 2013 2014 2015 2016
SBPT2 : 2005 2007 2008 2009 2010 2011 2012 2013 2014 2015 2016
SCIS1 : 2006 2007 2008
SCSN6 : 2004 2005 2006 2007 2008 2009 2010
SDBC1 : 2005 2006 2007 2008 2009 2010 2011 2012 2013 2014 2015 2016
SDHN4 : 2004 2005 2006 2007 2008 2009 2010 2011 2012 2013 2014 2015 2016
SDIA2 : 2006 2007 2008 2009 2010 2011 2012 2013 2014 2015
SDRT2 : 2007 2008 2009 2010 2011 2012 2013 2014 2015 2016
SECG1 : 2004 2005
SGNT2 : 2014 2016
SGNW3 : 1983 1984 1985 1986 1987 1988 1989 1990 1991 1992 1993 1994 1995 1996 1997 1998 1999 2000 2001 2002 2003 2004 2005 2006 2007 2008 2009 2010 2011 2012 2013 2014 2015 2016
SGOF1 : 2003 2004 2005 2006 2007 2008 2009 2010 2011 2012 2013 2014 2015 2016
SGRN4 : 2005 2006
SHBL1 : 2008 2009 2010 2011 2012 2013 2014 2015 2016
SHPF1 : 2004 2005 2006 2007 2008 2009 2010 2011 2012 2013 2014 2015 2016
SIPF1 : 2013 2014 2015 2016
SISA2 : 2006 2007 2008 2009 2010 2011 2012 2013 2014 2015 2016
SISW1 : 1984 1985 1986 1987 1988 1989 1990 1991 1992 1993 1994 1995 1996 1997 1998 1999 2000 2001 2002 2003 2004 2005 2006 2007 2008 2009 2010 2011 2012 2013 2014 2015 2016
SJLF1 : 1984 1985 1986
SJNP4 : 2005 2006 2007 2008 2009 2010 2011 2012 2013 2014 2015 2016
SJOM4 : 2007 2008 2009 2010 2011 2012 2013 2014 2015 2016
SJSN4 : 2006 2007 2008 2009 2010 2011 2012 2013 2014 2015 2016
SKMG1 : 2004 2005 2006 2007 2008 2009
SKTA2 : 2009 2010 2011 2012 2013 2014 2015 2016
SLIM2 : 2005 2006 2007 2008 2009 2010 2011 2012 2013 2014 2015 2016
SLMN2 : 2016
SLVM5 : 2006 2007 2008 2009 2010 2011 2012 2013 2014 2015 2016
SMBS1 : 2007 2008 2009 2010
SMKF1 : 1988 1989 1990 1991 1992 1993 1994 1995 1996 1997 1998 1999 2000 2001 2002 2003 2004 2005 2006 2007 2008 2009 2010 2011 2012 2013 2014 2015
SMOC1 : 2005 2006 2007 2008 2009 2010
SNDA2 : 2008 2009 2010 2011 2012 2013 2014 2015 2016
SNDP5 : 2005 2006 2007 2008 2009 2010 2011 2012 2013 2014 2015 2016
SNSN7 : 2005 2006 2007 2008
SOSN6 : 2004 2005 2006 2007 2008 2009 2010
SPAG1 : 2004 2005 2006 2007 2008 2009
SPGF1 : 1985 1986 1987 1988 1989 1990 1991 1992 1993 1994 1995 1996 1997 1998 1999 2000 2001 2002 2003 2004 2005 2006 2007 2008 2009 2010 2011 2012 2013 2014 2015 2016
SPLL1 : 2009 2011 2012 2013 2014 2015 2016
SPTM4 : 2010 2011 2012 2013 2014 2015
SRBV3 : 2008 2009 2010 2011 2012 2013
SREF1 : 2015 2016
SRLM4 : 2015 2016
SRST2 : 1984 1985 1986 1987 1988 1989 1990 1991 1992 1993 1994 1995 1996 1997 1998 1999 2000 2001 2002 2003 2004 2005 2006 2007 2008 2009 2010 2011 2012 2013 2014 2015 2016
SSBN7 : 2012 2013 2014 2015 2016
STDM4 : 1984 1985 1986 1987 1988 1989 1990 1991 1992 1993 1994 1995 1996 1997 1998 1999 2000 2001 2002 2003 2004 2005 2006 2007 2008 2009 2010 2011 2012 2013 2014 2015 2016
SUPN6 : 1992 1993 1994 1995 1996 1997 1998 1999 2000 2001 2002 2003 2004 2005 2006 2007 2008 2009
SVLS1 : 1985 1986 1987 1988 1989 1990 1991 1992 1993 1994 1995 1996
SVNM4 : 2005 2006 2007 2008 2009 2010 2011 2012 2013 2014 2015 2016
SWLA2 : 2010 2011 2012 2013 2014 2015 2016
SWPM4 : 2004 2005 2006 2007 2008 2009 2010 2011 2012 2013 2014 2015 2016
SWPV2 : 2005 2006 2007 2008 2009 2010 2011 2012 2013 2014 2015 2016
SXHW3 : 2006 2007 2008 2009 2010 2011 2012 2013 2014 2015 2016
SYWW3 : 2005 2006 2007 2008 2009 2010 2011 2012 2013 2014 2015 2016
TAML1 : 2004 2005 2006 2007 2008 2009 2010 2011
TAQT2 : 2011 2012 2013 2014 2015 2016
TARF1 : 2004 2005 2006 2007 2008 2009 2010 2011 2012 2013 2014 2015
TAWM4 : 2010 2011 2012 2013 2014 2015 2016
TBIM4 : 2012 2013 2014 2015 2016
TBYF1 : 2015 2016
TCBM2 : 2005 2006 2007 2008 2009 2010 2011 2012 2013 2014 2015 2016
TCMW1 : 2009 2010 2011 2012 2013 2014 2015 2016
TCNW1 : 2005 2006 2007 2008 2009 2010 2011 2012 2013 2014 2015 2016
TCVF1 : 2009 2010 2011 2012 2013 2014 2015 2016
TDPC1 : 2015 2016
TESL1 : 2011 2012 2013 2014 2015 2016
THIN6 : 1992 1993 1994 1995 1996 1997 1998 1999 2000 2001 2002 2003 2004 2005 2006 2007 2008 2009
THLO1 : 2005 2006 2007 2008 2009 2010 2011 2012 2013 2014 2015 2016
THRO1 : 2005 2006 2007 2008 2009 2010 2011 2012 2013 2014 2015 2016
TIBC1 : 2006 2007 2008 2009 2010 2011 2012 2013 2015 2016
TKEA2 : 2009 2010 2011 2012 2013 2014 2015 2016
TLBO3 : 2006 2007 2008 2009 2010 2011 2012 2013 2014 2015 2016
TOKW1 : 2005 2006 2007 2008 2009 2010 2011 2012 2013 2014 2015 2016
TPAF1 : 2008 2009 2010 2011 2012 2013 2014 2015 2016
TPBN4 : 2009 2010 2011 2012 2013 2014 2015
TPEF1 : 2009 2010 2011 2012 2013 2014 2015 2016
TPLM2 : 1985 1986 1987 1988 1989 1990 1991 1992 1993 1994 1995 1996 1997 1998 1999 2000 2001 2002 2003 2004 2005 2006 2007 2008 2009 2010 2011 2012 2013 2014 2015 2016
TRBL1 : 2004 2008 2009 2010 2011 2012
TRDF1 : 2005 2006 2007 2008 2009 2010 2011 2012 2013 2014 2015 2016
TRRF1 : 2009 2010 2011 2012 2013 2014 2015 2016
TSHF1 : 2009 2010 2011 2012 2013 2014 2015 2016
TTIW1 : 1984 1985 1986 1987 1988 1989 1990 1991 1992 1993 1994 1995 1996 1997 1998 1999 2000 2001 2002 2003 2004 2005 2006 2007 2008 2009 2010 2011 2012 2013 2014 2015 2016
TXPT2 : 2012 2013 2014 2015 2016
TYBG1 : 2004 2005 2006 2007 2008
ULAM6 : 2008 2009 2010 2011 2012 2013 2014 2015 2016
ULRA2 : 2016
UNLA2 : 2010 2011 2012 2013 2014 2015 2016
UPBC1 : 2013 2014 2015 2016
VAKF1 : 2005 2006 2007 2009 2010 2011 2012 2013 2014 2015 2016
VBBA3 : 2016
VCAF1 : 2005 2006 2007 2008 2009 2010 2011 2012 2013 2014 2015 2016
VCAT2 : 2011 2012 2013 2014 2015 2016
VCVA2 : 2012 2013 2014 2015 2016
VDZA2 : 2009 2010 2011 2012 2013 2014 2015 2016
VENF1 : 1986 1987 1988 1989 1990 1991 1992 1993 1994 1995 1996 1997 1998 1999 2000 2001 2002 2003 2004 2005 2006 2007 2008 2009 2010 2011 2012 2013 2014 2015 2016
VERV4 : 2010 2011 2012 2013 2014 2015 2016
VMSV2 : 2006 2007 2008 2009
VQSP4 : 2010 2011 2012 2013 2014 2015 2016
WAHV2 : 2005 2007 2008 2009 2010 2011 2012 2013 2014 2015 2016
WAKP8 : 2005 2006 2007 2008 2009 2010 2011 2012 2013 2014 2015 2016
WASD2 : 2005 2006 2007 2008 2009 2010 2011 2012 2013 2014 2015 2016
WATS1 : 2008 2009 2010 2011 2012 2013 2014 2015 2016
WAVM6 : 2005
WBYA1 : 2013 2014 2015 2016
WDEL1 : 2008 2009 2010 2012 2013 2014 2015 2016
WDSV2 : 2008 2009 2010 2011 2012 2013 2014 2015 2016
WELM1 : 2006 2007 2008 2009 2010 2011 2012 2013 2014 2015 2016
WFPM4 : 2010 2011 2012 2013 2014 2015 2016
WHRI2 : 2006 2007 2008 2009 2010 2011 2012 2013 2014 2015 2016
WIWF1 : 2009 2010 2011 2012 2013 2014 2015 2016
WLON7 : 2012 2013 2014 2015 2016
WNEM4 : 2008 2009 2010 2011 2012 2013 2014 2015 2016
WPLF1 : 2009 2010 2011 2012 2013 2014 2015 2016
WPOW1 : 1984 1985 1986 1987 1988 1989 1990 1991 1992 1993 1994 1995 1996 1997 1998 1999 2000 2001 2002 2003 2004 2005 2006 2007 2008 2009 2010 2011 2012 2013 2014 2015 2016
WPTW1 : 2008 2009 2010 2011 2012 2013 2014 2015 2016
WRBF1 : 2009 2010 2011 2012 2013 2014 2015 2016
WSLM4 : 2015 2016
WWEF1 : 2012 2013 2014 2015 2016
WYCM6 : 2008 2009 2010 2011 2012 2013 2014 2015 2016
YABP4 : 2010 2011 2012 2013 2014 2015 2016
YATA2 : 2010 2011 2012 2013 2014 2015 2016
YGNN6 : 2007 2008 2009 2010 2011 2012 2013 2014 2015 2016
YKRV2 : 2006 2007 2008 2009 2010 2011 2012 2013 2014 2015 2016
YKTV2 : 2005 2006 2007 2008 2009 2010 2011 2012 2013 2014 2015 2016
